 1   0.000000E+00   0.569453E-32   0.000000E+00   0.415248E-29
 2   0.356959E-01   0.223222E-07   0.231080E+00   0.205169E-06
 3   0.142767E+00   0.143529E-05   0.235848E+00   0.129276E-04
 4   0.321162E+00   0.164735E-04   0.243910E+00   0.143548E-03
 5   0.570795E+00   0.934865E-04   0.255371E+00   0.778770E-03
 6   0.891549E+00   0.360619E-03   0.270250E+00   0.283994E-02
 7   0.128327E+01   0.108788E-02   0.288393E+00   0.801111E-02
 8   0.174577E+01   0.276069E-02   0.309375E+00   0.187957E-01
 9   0.227884E+01   0.614399E-02   0.332462E+00   0.382215E-01
10   0.288221E+01   0.122991E-01   0.356655E+00   0.691504E-01
11   0.355560E+01   0.225101E-01   0.380819E+00   0.113457E+00
12   0.429869E+01   0.380964E-01   0.403833E+00   0.171457E+00
13   0.511113E+01   0.601342E-01   0.424724E+00   0.241759E+00
14   0.599252E+01   0.891624E-01   0.442750E+00   0.321591E+00
15   0.694246E+01   0.124972E+00   0.457436E+00   0.407524E+00
16   0.796048E+01   0.166559E+00   0.468577E+00   0.496303E+00
17   0.904611E+01   0.212257E+00   0.476215E+00   0.585423E+00
18   0.101988E+02   0.260007E+00   0.480594E+00   0.673313E+00
19   0.114181E+02   0.307681E+00   0.482121E+00   0.759194E+00
20   0.127033E+02   0.353375E+00   0.481322E+00   0.842753E+00
21   0.140538E+02   0.395609E+00   0.478788E+00   0.923796E+00
22   0.154691E+02   0.433395E+00   0.475112E+00   0.100198E+01
23   0.169484E+02   0.466200E+00   0.470828E+00   0.107669E+01
24   0.184910E+02   0.493845E+00   0.466375E+00   0.114707E+01
25   0.200962E+02   0.516411E+00   0.462092E+00   0.121218E+01
26   0.217632E+02   0.534174E+00   0.458246E+00   0.127108E+01
27   0.234913E+02   0.547547E+00   0.455034E+00   0.132292E+01
28   0.252796E+02   0.556999E+00   0.452560E+00   0.136715E+01
29   0.271272E+02   0.562974E+00   0.450824E+00   0.140347E+01
30   0.290333E+02   0.565862E+00   0.449748E+00   0.143180E+01
31   0.309970E+02   0.566012E+00   0.449236E+00   0.145222E+01
32   0.330173E+02   0.563747E+00   0.449193E+00   0.146496E+01
33   0.350933E+02   0.559368E+00   0.449532E+00   0.147052E+01
34   0.372240E+02   0.553192E+00   0.450183E+00   0.146957E+01
35   0.394084E+02   0.545538E+00   0.451090E+00   0.146284E+01
36   0.416454E+02   0.536654E+00   0.452182E+00   0.145105E+01
37   0.439340E+02   0.526716E+00   0.453382E+00   0.143482E+01
38   0.462730E+02   0.515846E+00   0.454621E+00   0.141481E+01
39   0.486615E+02   0.504131E+00   0.455817E+00   0.139159E+01
40   0.510981E+02   0.491680E+00   0.456898E+00   0.136568E+01
41   0.535819E+02   0.478645E+00   0.457831E+00   0.133745E+01
42   0.561115E+02   0.465160E+00   0.458589E+00   0.130711E+01
43   0.586858E+02   0.451309E+00   0.459109E+00   0.127496E+01
44   0.613036E+02   0.437131E+00   0.459299E+00   0.124145E+01
45   0.639635E+02   0.422633E+00   0.459091E+00   0.120710E+01
46   0.666645E+02   0.407837E+00   0.458444E+00   0.117237E+01
47   0.694051E+02   0.392784E+00   0.457267E+00   0.113763E+01
48   0.721840E+02   0.377516E+00   0.455437E+00   0.110308E+01
49   0.750000E+02   0.362065E+00   0.452878E+00   0.106872E+01
50   0.778517E+02   0.346455E+00   0.449566E+00   0.103448E+01
51   0.807377E+02   0.330718E+00   0.445500E+00   0.100046E+01
52   0.836567E+02   0.314927E+00   0.440687E+00   0.966972E+00
53   0.866073E+02   0.299155E+00   0.435078E+00   0.934261E+00
54   0.895880E+02   0.283429E+00   0.428550E+00   0.902385E+00
55   0.925975E+02   0.267736E+00   0.420946E+00   0.871224E+00
56   0.956343E+02   0.252084E+00   0.412134E+00   0.840567E+00
57   0.986970E+02   0.236500E+00   0.401983E+00   0.810349E+00
58   0.101784E+03   0.221001E+00   0.390389E+00   0.780722E+00
59   0.104894E+03   0.205594E+00   0.377293E+00   0.751842E+00
60   0.108026E+03   0.190264E+00   0.362605E+00   0.723733E+00
61   0.111177E+03   0.174976E+00   0.346156E+00   0.696384E+00
62   0.114347E+03   0.159707E+00   0.327760E+00   0.669822E+00
63   0.117534E+03   0.144462E+00   0.307276E+00   0.644047E+00
64   0.120736E+03   0.129258E+00   0.284612E+00   0.619119E+00
65   0.123953E+03   0.114110E+00   0.259697E+00   0.595305E+00
66   0.127181E+03   0.990270E-01   0.232482E+00   0.573012E+00
67   0.130421E+03   0.840203E-01   0.202977E+00   0.552689E+00
68   0.133670E+03   0.691038E-01   0.171266E+00   0.534794E+00
69   0.136927E+03   0.542763E-01   0.137492E+00   0.519772E+00
70   0.140190E+03   0.395235E-01   0.101887E+00   0.508031E+00
71   0.143457E+03   0.248207E-01   0.647944E-01   0.499866E+00
72   0.146728E+03   0.101500E-01   0.266922E-01   0.495382E+00
73   0.150000E+03   0.000000E+00   0.000000E+00   0.494460E+00
