 1   0.000000E+00   0.265130E-31   0.000000E+00   0.275205E-29
 2   0.356959E-01   0.575526E-08   0.286915E+00   0.429888E-07
 3   0.142767E+00   0.368380E-06   0.290422E+00   0.271566E-05
 4   0.321162E+00   0.419731E-05   0.296331E+00   0.302751E-04
 5   0.570795E+00   0.235952E-04   0.304721E+00   0.165117E-03
 6   0.891549E+00   0.900609E-04   0.315635E+00   0.606316E-03
 7   0.128327E+01   0.268984E-03   0.329063E+00   0.172712E-02
 8   0.174577E+01   0.677657E-03   0.344883E+00   0.411174E-02
 9   0.227884E+01   0.150507E-02   0.362834E+00   0.854384E-02
10   0.288221E+01   0.302980E-02   0.382509E+00   0.159270E-01
11   0.355560E+01   0.563026E-02   0.403368E+00   0.271571E-01
12   0.429869E+01   0.978024E-02   0.424782E+00   0.430078E-01
13   0.511113E+01   0.160230E-01   0.446079E+00   0.640636E-01
14   0.599252E+01   0.249203E-01   0.466591E+00   0.906678E-01
15   0.694246E+01   0.369800E-01   0.485713E+00   0.122870E+00
16   0.796048E+01   0.525688E-01   0.502939E+00   0.160420E+00
17   0.904611E+01   0.718302E-01   0.517888E+00   0.202801E+00
18   0.101988E+02   0.946201E-01   0.530300E+00   0.249279E+00
19   0.114181E+02   0.120480E+00   0.540016E+00   0.298940E+00
20   0.127033E+02   0.148655E+00   0.546968E+00   0.350778E+00
21   0.140538E+02   0.178163E+00   0.551167E+00   0.403795E+00
22   0.154691E+02   0.207903E+00   0.552706E+00   0.457116E+00
23   0.169484E+02   0.236774E+00   0.551758E+00   0.510053E+00
24   0.184910E+02   0.263795E+00   0.548574E+00   0.562112E+00
25   0.200962E+02   0.288187E+00   0.543466E+00   0.612932E+00
26   0.217632E+02   0.309411E+00   0.536786E+00   0.662179E+00
27   0.234913E+02   0.327165E+00   0.528905E+00   0.709428E+00
28   0.252796E+02   0.341354E+00   0.520182E+00   0.754105E+00
29   0.271272E+02   0.352039E+00   0.510944E+00   0.795507E+00
30   0.290333E+02   0.359392E+00   0.501470E+00   0.832891E+00
31   0.309970E+02   0.363649E+00   0.491994E+00   0.865577E+00
32   0.330173E+02   0.365090E+00   0.482719E+00   0.893078E+00
33   0.350933E+02   0.364039E+00   0.473841E+00   0.915169E+00
34   0.372240E+02   0.360856E+00   0.465535E+00   0.931877E+00
35   0.394084E+02   0.355913E+00   0.457921E+00   0.943424E+00
36   0.416454E+02   0.349559E+00   0.451035E+00   0.950160E+00
37   0.439340E+02   0.342096E+00   0.444825E+00   0.952442E+00
38   0.462730E+02   0.333760E+00   0.439180E+00   0.950508E+00
39   0.486615E+02   0.324720E+00   0.433958E+00   0.944472E+00
40   0.510981E+02   0.315104E+00   0.429025E+00   0.934465E+00
41   0.535819E+02   0.305020E+00   0.424296E+00   0.920770E+00
42   0.561115E+02   0.294576E+00   0.419739E+00   0.903831E+00
43   0.586858E+02   0.283864E+00   0.415342E+00   0.884175E+00
44   0.613036E+02   0.272948E+00   0.411083E+00   0.862341E+00
45   0.639635E+02   0.261863E+00   0.406935E+00   0.838862E+00
46   0.666645E+02   0.250637E+00   0.402871E+00   0.814275E+00
47   0.694051E+02   0.239317E+00   0.398883E+00   0.789076E+00
48   0.721840E+02   0.227972E+00   0.394957E+00   0.763698E+00
49   0.750000E+02   0.216679E+00   0.391053E+00   0.738487E+00
50   0.778517E+02   0.205508E+00   0.387099E+00   0.713661E+00
51   0.807377E+02   0.194521E+00   0.382977E+00   0.689319E+00
52   0.836567E+02   0.183758E+00   0.378517E+00   0.665404E+00
53   0.866073E+02   0.173233E+00   0.373513E+00   0.641733E+00
54   0.895880E+02   0.162936E+00   0.367772E+00   0.618150E+00
55   0.925975E+02   0.152846E+00   0.361141E+00   0.594634E+00
56   0.956343E+02   0.142949E+00   0.353510E+00   0.571294E+00
57   0.986970E+02   0.133239E+00   0.344772E+00   0.548344E+00
58   0.101784E+03   0.123710E+00   0.334794E+00   0.526045E+00
59   0.104894E+03   0.114354E+00   0.323461E+00   0.504564E+00
60   0.108026E+03   0.105161E+00   0.310713E+00   0.483878E+00
61   0.111177E+03   0.961263E-01   0.296519E+00   0.463819E+00
62   0.114347E+03   0.872510E-01   0.280847E+00   0.444150E+00
63   0.117534E+03   0.785465E-01   0.263654E+00   0.424705E+00
64   0.120736E+03   0.700273E-01   0.244879E+00   0.405465E+00
65   0.123953E+03   0.617001E-01   0.224436E+00   0.386634E+00
66   0.127181E+03   0.535555E-01   0.202199E+00   0.368655E+00
67   0.130421E+03   0.455720E-01   0.178040E+00   0.352088E+00
68   0.133670E+03   0.377311E-01   0.151933E+00   0.337500E+00
69   0.136927E+03   0.300184E-01   0.124001E+00   0.325386E+00
70   0.140190E+03   0.224135E-01   0.944864E-01   0.316048E+00
71   0.143457E+03   0.148931E-01   0.637215E-01   0.309564E+00
72   0.146728E+03   0.743178E-02   0.320884E-01   0.305801E+00
73   0.150000E+03   0.000000E+00   0.000000E+00   0.304572E+00
