 1   0.000000E+00  -0.598352E-13   0.286631E-13   0.144890E-15   0.127006E-14   0.113231E+01
 2   0.356959E-01   0.358228E-01   0.115848E-01   0.833845E-05   0.533611E-02   0.113212E+01
 3   0.142767E+00   0.143140E+00   0.463072E-01   0.131419E-03   0.210816E-01   0.113157E+01
 4   0.321162E+00   0.321499E+00   0.104082E+00   0.648902E-03   0.464758E-01   0.113076E+01
 5   0.570795E+00   0.570147E+00   0.184793E+00   0.198104E-02   0.803382E-01   0.112983E+01
 6   0.891549E+00   0.888015E+00   0.288289E+00   0.462866E-02   0.121178E+00   0.112898E+01
 7   0.128327E+01   0.127367E+01   0.414316E+00   0.910466E-02   0.167314E+00   0.112848E+01
 8   0.174577E+01   0.172519E+01   0.562314E+00   0.158691E-01   0.217000E+00   0.112862E+01
 9   0.227884E+01   0.223996E+01   0.731066E+00   0.252786E-01   0.268543E+00   0.112974E+01
10   0.288221E+01   0.281435E+01   0.918224E+00   0.375558E-01   0.320412E+00   0.113216E+01
11   0.355560E+01   0.344331E+01   0.111987E+01   0.527827E-01   0.371345E+00   0.113622E+01
12   0.429869E+01   0.411995E+01   0.133032E+01   0.709132E-01   0.420406E+00   0.114216E+01
13   0.511113E+01   0.483534E+01   0.154235E+01   0.917978E-01   0.467006E+00   0.115017E+01
14   0.599252E+01   0.557854E+01   0.174790E+01   0.115214E+00   0.510867E+00   0.116033E+01
15   0.694246E+01   0.633701E+01   0.193906E+01   0.140894E+00   0.551952E+00   0.117260E+01
16   0.796048E+01   0.709747E+01   0.210903E+01   0.168541E+00   0.590361E+00   0.118685E+01
17   0.904611E+01   0.784684E+01   0.225289E+01   0.197842E+00   0.626227E+00   0.120285E+01
18   0.101988E+02   0.857331E+01   0.236794E+01   0.228473E+00   0.659642E+00   0.122032E+01
19   0.114181E+02   0.926710E+01   0.245363E+01   0.260097E+00   0.690609E+00   0.123887E+01
20   0.127033E+02   0.992095E+01   0.251117E+01   0.292364E+00   0.719059E+00   0.125813E+01
21   0.140538E+02   0.105302E+02   0.254306E+01   0.324913E+00   0.744895E+00   0.127762E+01
22   0.154691E+02   0.110927E+02   0.255245E+01   0.357381E+00   0.768046E+00   0.129686E+01
23   0.169484E+02   0.116079E+02   0.254270E+01   0.389417E+00   0.788484E+00   0.131542E+01
24   0.184910E+02   0.120773E+02   0.251705E+01   0.420690E+00   0.806227E+00   0.133287E+01
25   0.200962E+02   0.125032E+02   0.247846E+01   0.450904E+00   0.821327E+00   0.134881E+01
26   0.217632E+02   0.128885E+02   0.242957E+01   0.479793E+00   0.833878E+00   0.136294E+01
27   0.234913E+02   0.132366E+02   0.237279E+01   0.507129E+00   0.844005E+00   0.137495E+01
28   0.252796E+02   0.135512E+02   0.231034E+01   0.532722E+00   0.851913E+00   0.138466E+01
29   0.271272E+02   0.138354E+02   0.224426E+01   0.556427E+00   0.857931E+00   0.139203E+01
30   0.290333E+02   0.140927E+02   0.217629E+01   0.578129E+00   0.862463E+00   0.139700E+01
31   0.309970E+02   0.143261E+02   0.210783E+01   0.597746E+00   0.865872E+00   0.139957E+01
32   0.330173E+02   0.145387E+02   0.203990E+01   0.615236E+00   0.868407E+00   0.139984E+01
33   0.350933E+02   0.147332E+02   0.197327E+01   0.630596E+00   0.870235E+00   0.139783E+01
34   0.372240E+02   0.149123E+02   0.190855E+01   0.643849E+00   0.871441E+00   0.139362E+01
35   0.394084E+02   0.150780E+02   0.184625E+01   0.655043E+00   0.872018E+00   0.138732E+01
36   0.416454E+02   0.152321E+02   0.178669E+01   0.664250E+00   0.871906E+00   0.137892E+01
37   0.439340E+02   0.153762E+02   0.172994E+01   0.671554E+00   0.870997E+00   0.136850E+01
38   0.462730E+02   0.155117E+02   0.167592E+01   0.677046E+00   0.869169E+00   0.135624E+01
39   0.486615E+02   0.156396E+02   0.162449E+01   0.680826E+00   0.866302E+00   0.134216E+01
40   0.510981E+02   0.157612E+02   0.157560E+01   0.682993E+00   0.862263E+00   0.132642E+01
41   0.535819E+02   0.158774E+02   0.152924E+01   0.683650E+00   0.856987E+00   0.130922E+01
42   0.561115E+02   0.159889E+02   0.148532E+01   0.682901E+00   0.850580E+00   0.129057E+01
43   0.586858E+02   0.160961E+02   0.144376E+01   0.680869E+00   0.843247E+00   0.127049E+01
44   0.613036E+02   0.161995E+02   0.140435E+01   0.677704E+00   0.835082E+00   0.124923E+01
45   0.639635E+02   0.162993E+02   0.136670E+01   0.673582E+00   0.826054E+00   0.122705E+01
46   0.666645E+02   0.163960E+02   0.133040E+01   0.668680E+00   0.816133E+00   0.120428E+01
47   0.694051E+02   0.164899E+02   0.129530E+01   0.663154E+00   0.805336E+00   0.118118E+01
48   0.721840E+02   0.165813E+02   0.126142E+01   0.657121E+00   0.793627E+00   0.115771E+01
49   0.750000E+02   0.166702E+02   0.122871E+01   0.650662E+00   0.780941E+00   0.113383E+01
50   0.778517E+02   0.167570E+02   0.119698E+01   0.643826E+00   0.767345E+00   0.110948E+01
51   0.807377E+02   0.168417E+02   0.116603E+01   0.636650E+00   0.753057E+00   0.108434E+01
52   0.836567E+02   0.169244E+02   0.113579E+01   0.629188E+00   0.738309E+00   0.105833E+01
53   0.866073E+02   0.170048E+02   0.110629E+01   0.621525E+00   0.723355E+00   0.103161E+01
54   0.895880E+02   0.170830E+02   0.107756E+01   0.613762E+00   0.708421E+00   0.100425E+01
55   0.925975E+02   0.171585E+02   0.104956E+01   0.606002E+00   0.693592E+00   0.976440E+00
56   0.956343E+02   0.172313E+02   0.102229E+01   0.598319E+00   0.678946E+00   0.948363E+00
57   0.986970E+02   0.173011E+02   0.995885E+00   0.590764E+00   0.664601E+00   0.920067E+00
58   0.101784E+03   0.173677E+02   0.970360E+00   0.583398E+00   0.650668E+00   0.891759E+00
59   0.104894E+03   0.174307E+02   0.945550E+00   0.576300E+00   0.637311E+00   0.863758E+00
60   0.108026E+03   0.174900E+02   0.921287E+00   0.569546E+00   0.624718E+00   0.836201E+00
61   0.111177E+03   0.175453E+02   0.897527E+00   0.563195E+00   0.612976E+00   0.809268E+00
62   0.114347E+03   0.175966E+02   0.874382E+00   0.557273E+00   0.602052E+00   0.783196E+00
63   0.117534E+03   0.176439E+02   0.852061E+00   0.551765E+00   0.591882E+00   0.758076E+00
64   0.120736E+03   0.176870E+02   0.830808E+00   0.546642E+00   0.582402E+00   0.734050E+00
65   0.123953E+03   0.177261E+02   0.810863E+00   0.541889E+00   0.573571E+00   0.711304E+00
66   0.127181E+03   0.177608E+02   0.792461E+00   0.537511E+00   0.565441E+00   0.689922E+00
67   0.130421E+03   0.177913E+02   0.775858E+00   0.533527E+00   0.558134E+00   0.670135E+00
68   0.133670E+03   0.178171E+02   0.761358E+00   0.529958E+00   0.551787E+00   0.652261E+00
69   0.136927E+03   0.178383E+02   0.749315E+00   0.526826E+00   0.546512E+00   0.636508E+00
70   0.140190E+03   0.178545E+02   0.740044E+00   0.524180E+00   0.542326E+00   0.623224E+00
71   0.143457E+03   0.178657E+02   0.733719E+00   0.522091E+00   0.539234E+00   0.612846E+00
72   0.146728E+03   0.178719E+02   0.730379E+00   0.520635E+00   0.537348E+00   0.605643E+00
73   0.150000E+03   0.178730E+02   0.729996E+00   0.519876E+00   0.536775E+00   0.601906E+00

